0.008264554511592534	3.2540524064396292
0.008281954239193605	3.3528409059213358
0.008662733058413814	3.239535861800365
0.00892631961771846	3.247929028226074
0.008946926009109856	3.104388011626024
0.009069273929443154	3.3289182935838433
0.009171603541607641	3.546072963991327
0.009179337638117542	3.537768680598979
0.009250058604659661	3.1881097383123747
0.009393142315760196	3.282902202431807
0.009649442726059259	3.1347803170052306
0.009735970768147006	3.3062617344187117
0.009898493403504557	3.2770500382280825
0.010308023351874897	3.4555194818302652
0.010341320823799809	3.581629313106255
0.010430121070792548	3.340573332328347
0.010577989121623096	3.193920268666165
0.010660155775279912	3.076239477139285
0.010706195568444078	3.4896746511193153
0.010719508340483887	3.686502004186961
0.010799892341386088	3.6958093767033686
0.01093611165222954	3.312090871718422
0.010942605572142003	3.619548950232123
0.010992538451732403	3.071863740394117
0.010996704960933528	3.728287108262067
0.011091984059952504	3.1021334132741534
0.011094749414666741	3.6402701127840116
0.011094986337481435	3.139612239216656
0.011185216099285222	3.7368372155761778
0.011281914937456537	3.3077517956661637
0.01159897009498855	3.5025997480584734
0.011675884318501369	3.6983578652732403
0.011692478851865456	3.5272973307621593
0.011701676654395497	3.562891971692725
0.011741380759670675	3.7230830483640642
0.011813031481071344	3.1331060166098177
0.01199525608154375	3.3553115595391034
0.012083270460480626	3.165549189007593
0.012116784731012664	3.367541380162669
0.012175017283323536	3.3325659432973107
0.012239758056953124	3.667748319552824
0.012285021293196871	3.3431552981141275
0.012307610730630705	3.8267738539166465
0.012325935673501476	3.8467432110905304
0.012628385624139675	3.3050568854625593
0.012631350252268593	3.251151328538244
0.012789644715627931	3.3528758963039698
0.012985887164827419	3.214787805241948
0.01307147296713711	3.705834732464866
0.013073584995747366	3.300461770894481
0.013219470155727877	3.6656317335842337
0.01323437550899768	3.8265931919101823
0.013319344272615335	3.476719333665905
0.013371527848408145	3.6903728871688295
0.013389860809256117	3.3830537155807066
0.013453135388036025	3.752654237942921
0.013507008802470157	3.792898189268815
0.013585010261797122	3.499423913896166
0.013610807505055538	3.8822048421000144
0.013616548465814348	3.713638229221415
0.013705527808392126	3.5485838398459477
0.013761336042649614	3.8147270424596353
0.013816266802736446	3.2659641647827056
0.013816651507857625	3.7422233355358876
0.0138471655471255	3.632915303471806
0.013931420669578781	3.3312128169263144
0.014042283764009893	3.4888117875861644
0.014151509876672269	3.7243045407161763
0.01418977664214515	3.87780309160168
0.01423991996535803	3.841441120223729
0.014293447920404568	3.487330529861965
0.014305147608379283	3.529082782486049
0.01436102126222339	3.3317171643046954
0.014413556169385005	3.674608240224577
0.014420683565835384	3.6461233268824773
0.014485295702654884	3.871489494124752
0.014519947802046351	3.87817398224519
0.014557608421820111	3.550185483051046
0.014582475282192652	3.422330433670409
0.014588863150984895	3.5179351170762883
0.014615618770886732	3.6272988362112355
0.01465476556791507	3.814251034137204
0.014688268523997449	3.3017161007478184
0.014857555156173749	3.9739651508193257
0.014884532286579311	3.5357450819117893
0.015045585673349337	3.8516076163834514
0.015057298596761207	3.3385591589648707
0.015106161407327366	3.7273048142877245
0.015166087976977096	3.7253347103407255
0.015220586752816416	4.003684640999651
0.015321510638781313	4.016822113219774
0.01534730649367947	3.608003577211563
0.015401786304228872	3.798155125001657
0.015440827763780857	3.8933384403612328
0.01547084865274113	3.913945004860982
0.015481922496585287	3.411603611013574
0.015506119690566379	3.8981209424181453
0.01562541875885739	3.9515057123336472
0.015655330808373558	3.8347230977497486
0.015737165362698258	3.4260041708769635
0.01576172173235976	3.8756739705096455
0.015782387704251773	3.4132028920316255
0.015808349190387937	3.826108310959742
0.015843789991503047	3.486922972760528
0.015899178374031785	4.03419401777725
0.016208848237966905	3.497982160372444
0.016233422318989367	3.3667879313722042
0.016579309837508525	3.376407909018989
0.016606468282800508	3.469927068424254
0.016616120371764836	3.829101819683855
0.016798073057904074	3.7121433485317152
0.016817492927679995	3.9538964269244836
0.016928220665076613	3.9712866880736093
0.016948578386435285	3.922620303087785
0.016961977976916703	3.7688677906567767
0.016976579532618243	3.6188839621823217
0.016979714632277938	3.590584134862922
0.01714567413467146	3.504659234229585
0.017251002647631575	3.96639221293888
0.017257705799151816	4.013829351352227
0.017259024679754764	3.5069929468841368
0.01734354732742665	3.7498787714561987
0.017343631311807828	3.347251221572724
0.017420612896107177	3.746855292011677
0.017567264461296805	3.834765657195486
0.017640266087594673	3.3515057065463933
0.01768840377996649	3.3765852916438472
0.017716025754148518	3.9937241228044043
0.01778147092493302	3.3628252487116073
0.01793694900768635	3.362384695640277
0.01798829182830735	3.5468145564243097
0.01816951018399459	3.8886953873365777
0.018174024570306882	4.006065853056804
0.01818952255698281	3.782581792550881
0.018225828610216124	3.4549097291532003
0.018441008362522656	3.53183100186885
0.018495853135409402	3.8154901948905597
0.018514548981880954	3.629766042967341
0.018569396020204527	3.7741490613964817
0.018577411494178762	3.79181316461826
0.018586173240685316	3.6926135629807293
0.018593533145915626	3.5283107769350157
0.018769338448425016	3.96515928504389
0.018983413269318933	3.4456535515290576
0.01901027242100049	3.5658900907084945
0.019032850577932043	3.6127055728622586
0.01904021666280805	3.848654027873219
0.019399549562254186	3.91814824599521
0.019499098474475382	3.4195148696092446
0.01957819231813683	3.974179962553745
0.0197292678306297	3.784301729275142
0.020166897274888042	3.7764524738620953
0.020358791899539014	3.9961112709370425
0.020389276168700805	3.7543491754852725
0.020435773691205084	3.564517982871112
0.020452056311856908	3.4910275792250274
0.020592170607048245	3.3549916194975244
0.02071306986449112	3.9039949046070777
0.02081790704529546	3.775099845163153
0.020840477061879754	3.871081147296341
0.020849360025241195	3.374070047005528
0.020867743733687872	3.6256709186195333
0.02087856511910127	3.8980009662995596
0.02096087909881278	3.8131391366154443
0.02101098714054954	3.257649819367637
0.021061287774612643	3.971040365704974
0.021398132736019523	3.5421086195130713
0.021411448535713362	3.6241067840856807
0.021609691574369094	3.715967872674377
0.021899592698761076	3.8292256716744117
0.02191612377816403	3.4381391679388007
0.0222502175099087	3.384570322949392
0.02231122107240569	3.5920516909617635
0.022380446676388537	3.7791637737190094
0.02255845345973048	3.313069271400545
0.022600180461631814	3.8760858482991214
0.02267967408977743	3.6139052796748636
0.02319799785527903	3.467660219427321
0.023317998686672593	3.685364746441673
0.023559197595474767	3.5888325824344234
0.023600344565031916	3.4114546240489316
0.02365340744440188	3.6901624652916123
0.023668300612320937	3.289059171824973
0.02371208688592888	3.690254560965123
0.023858244722650003	3.3096083021411538
0.023956681029979034	3.39174739956508
0.02421589125887582	3.631597278993473
0.02427964668401055	3.355316786006758
0.024398758248909667	3.507618425135959
0.024516969853733465	3.270949215796221
0.024596948364623172	3.1439842670687717
0.02470045323145146	3.340838225153113
0.024703489223342614	3.2236771650527465
0.02478987996822889	3.183669018464624
0.02482500709184551	3.6839958514140076
0.025072089809574098	3.4004516201475266
0.025195100826593837	3.475526318698685
0.025282703062772586	3.2153053770873417
0.025290530011680055	3.225151526676521
0.025334085646013197	3.19804036165586
0.02558578721277671	3.3892341675617126
0.025653068588606054	3.368640086390042
0.02567037833436092	3.3620270100311114
0.02568196557091592	3.4717969878856256
0.026224451109276584	3.2288639717496803
0.02634535479184932	2.895931198521628
0.02639000668661953	3.169170630285196
0.026424472423087764	3.1426942597420595
0.0266076863844249	3.2203228166074775
0.026869174679564133	3.3500873245045897
0.02703150828861476	3.2103783864311835
0.02709746060213885	3.314103043946959
0.027315824522417414	2.964304039292562
0.027411807210254564	3.3264855324688334
0.02749824398465083	2.947162598091538
0.027614805030166705	3.261255588755154
0.02764272524305549	3.0165173279815156
0.027699229051364613	2.897190072682477
0.02773302762321775	2.955977606481609
0.02774186724008809	2.7510953111373753
0.027784481672683693	2.828787210430023
0.02801571489787351	3.1493926135767407
0.02813445911042559	2.9835904706216625
0.028193839008229877	2.9065928558844494
0.0282483950513862	2.7194609194572186
0.028257319210971014	2.833909976309688
0.028563792721058585	3.12825190359224
0.028734546974225127	3.005593587767842
0.028959736080921828	3.017400026287917
0.028994951778366713	2.9299394730848882
0.029118200201958124	2.735849221465255
0.029216398160520636	2.722663506974725
0.029319432706056987	2.694031703370513
0.029406097718376614	2.7303909894168576
0.02947382095539701	2.807841788713953
0.029647720827110424	2.5484642091539067
0.030103788343105398	2.8251424587753737
0.03026411563929779	2.784589069803978
0.03038736852306186	2.769597598356755
0.030482252486170713	2.5203925037609993
0.030542525057835487	2.8270602386689605
0.03069393740627799	2.640296004952098
0.030746044963971698	2.4895078384673766
0.0307886178214929	2.7290461239507136
0.031207055603566142	2.3474136209745367
0.03158573622183184	2.229285848193999
0.031664596626043554	2.680580500188691
0.03173730765772127	2.425114883384987
0.03179426067592791	2.6564221697602877
0.03198572803902701	2.30053022392284
0.03214093534483211	2.4470666075275296
0.03237683768058932	2.2454720039619707
0.03239456084751296	2.4747607272694823
0.03252277042115902	2.3410144707848715
0.0325601694439342	2.4330456027898055
0.03263585373286739	2.278735761177221
0.03271981637657743	2.0869274928333867
0.03274982884164438	2.2917546169407754
0.032789158313310675	2.425699014451139
0.03297961645659901	2.330801954453081
0.03312024266064554	2.1870496157375037
0.033315059396122414	2.111419639677798
0.03341264218638555	2.197933486142851
0.03343472278508515	2.260161313884094
0.03352266675562968	2.032880780735701
0.033526696014003335	2.192866898803662
0.03362913835917705	2.108984402271853
0.03363293414682112	2.2302606879388875
0.03372745177154918	1.9062735344895734
0.0337542067963759	2.069613999282868
0.03378396917429807	2.1623195230692596
0.033959402049025485	2.009047017995419
0.0339738865159743	1.9547667285984058
0.03418609749213608	1.8275611271236265
0.034399017177576596	1.873214034454314
0.03451555868655324	2.0276899618095845
0.034744041274508544	1.8678111303729286
0.03486374981505029	1.6883505544411006
0.03487275065639822	1.7985712468383344
0.03488909416062579	1.6714800641948602
0.03491362579742794	1.7359558922938672
0.03493409645043983	1.6766486540906869
0.03515078939187334	1.9574037029541211
0.035529154830894825	1.7802550762573137
0.03558214989149274	1.6430140772523107
0.03581275967832906	1.7104401443013433
0.035827252016435114	1.5563012752566643
0.03584169852087596	1.7246868049589847
0.036809201634613	1.5766488436846384
0.036947698656097136	1.3598882145244284
0.03714319720536787	1.4149010328652831
0.037391875832143054	1.3032425105080327
0.03772742066672066	1.1722487360459382
0.03799070441118903	1.1324715952965327
0.03828529080575943	1.1501648050981015
0.03833764781978494	1.2135046663392153
0.038946186056976626	1.0550775550720755
0.039107691883641583	0.9248469265745451
0.03912574110956567	0.9722678169055439
0.03921387421279669	0.9221795338395457
0.039239870358063915	0.9248701611365799
0.0392763306551687	1.0577584045145554
0.039831480650708094	0.9021398521913482
0.040250225236808594	0.7807720907532429
0.04043718648838267	0.7045097274439993
0.04045922031045744	0.663147543178133
0.040600776724759036	0.710047870758608
0.04073317190662751	0.6134946782847384
0.04077403738137077	0.628539522836695
0.04085507806810663	0.6540557343692641
0.04115174227192451	0.6168696690726384
0.04116883041811049	0.5561044620906436
0.041282756877191504	0.5542018817315473
0.041711334500849004	0.45895383231316744
0.04179475190324251	0.44897503405635236
0.04211594625980496	0.4140944174381925
0.04254525786776443	0.28777354275614697
0.04258297434132596	0.2947811018531306
0.042762159999507804	0.24698105316064287
0.04278457828642288	0.2756596832088167
0.04283864496534472	0.2331614123489973
0.04298534339426886	0.22077607255966397
0.04309331004788616	0.2101797589638487
0.044492232017611114	-0.09067831682628241
0.0446902616649555	-0.12596249467233236
0.045012123169329794	-0.1849670617213528
0.04525048651792039	-0.22824787377983655
0.04542578353838212	-0.27537967192904983
0.046201353911615596	-0.44674819320388176
0.0462829600914506	-0.4065535932461278
0.04648477523266642	-0.4520647786266184
0.04656178233053777	-0.5168852315275618
0.04675164807638132	-0.5828914782401252
0.04684119692510848	-0.5872288834734034
0.04685689943847204	-0.5020057567898699
0.04744442994409676	-0.7102044966879957
0.04787635359697642	-0.7891935742397264
0.04803095413661901	-0.7963405715686906
0.048142955459424666	-0.8172717422435136
0.0482193121459623	-0.8213845192904795
0.04832218383947317	-0.8013271892719146
0.04841779373493572	-0.9045357607230599
0.04950125986440574	-0.9238819945576731
0.04956696762698415	-1.0693783885155217
0.0495849563279467	-1.0011581057028938
0.04979714456604139	-0.9806559347664213
0.04993763949368502	-1.050103494697165
0.05028173182526076	-1.1446372423009148
0.050385153968583035	-1.2396273172472927
0.050897351738248775	-1.202481923092482
0.051017502427203314	-1.1533464430034437
0.05101813793638436	-1.1623581940273067
0.051035880290327774	-1.180323952018861
0.05109969159392974	-1.3423986662364835
0.051127578048417006	-1.1976513227127192
0.05113382009041996	-1.2278799234504338
0.051666045939474686	-1.4636271886453598
0.051775540895909765	-1.352497616000551
0.05193156621716676	-1.3955795034788894
0.05195434427035887	-1.5401778770806296
0.052024218098671984	-1.4936141826620828
0.05215706290614109	-1.542933775044485
0.05266522124318571	-1.5008663876236952
0.05293498982893752	-1.4628800608392603
0.05312016049484176	-1.475316750846491
0.053619527001251555	-1.4914564056631967
0.053881486136859516	-1.535427044516754
0.05400945615899708	-1.8283757194245218
0.054905582361197657	-1.976640252653861
0.05491330765660508	-1.9092003755955456
0.054955860964866675	-1.6701725812335897
0.05513361426309469	-1.9837235464629799
0.05514171661358917	-1.7147199499801393
0.05536993745624633	-1.7511833044856941
0.055755055828475286	-1.9464996138183441
0.05581107914169868	-1.921262630610718
0.05626647147025353	-2.0845255989198184
0.05646521181640518	-1.8908713575149558
0.05694990113074891	-1.9992483850206613
0.05728997043923711	-2.228472086228072
0.057468686222127904	-1.996686408522059
0.057526281217795065	-2.2591482864966603
0.057767511721013604	-2.0712971520633987
0.05776916877538467	-2.0966635607489192
0.05928597882942798	-2.110390910859643
0.059741512225288125	-2.1887191137413184
0.05994997894875997	-2.3831163800231168
0.060096330979589906	-2.182279518019744
0.06017854169280513	-2.0608300786681117
0.060681097493585724	-2.155247052072193
0.060806010755772084	-2.479753463313732
0.06085508208470431	-2.318458311784716
0.061264376327061436	-2.4075350950560326
0.06137659631756566	-2.387431025329759
0.06170639199514528	-2.2110084117922484
0.06182138785386436	-2.0975912174653035
0.06279768313535324	-2.374500369359846
0.06298986757164787	-2.1008311141945595
0.06323470290308005	-2.3082351130664827
0.06372400786730148	-2.2867934607987657
0.0645105749641142	-2.4244959346467354
0.06461323496621381	-2.409941510339786
0.0647714054061355	-2.11273016871585
0.06649582404000184	-2.1279678209610196
0.06670859708478324	-2.099041287844538
0.06683294729234476	-2.0908111107338403
0.06699041772061314	-2.2102256100396698
0.06711344629960822	-2.173886572217812
0.06814004507208124	-2.1438708316027952
0.06819350548256678	-2.373962149682286
0.0685617197004608	-2.0433642077851975
0.06861373160174844	-2.4128067091499945
0.06890650908962745	-2.299340186018681
0.06895959160725824	-2.398580484620871
0.06945401645317006	-2.2702426914250133
0.06982002464841108	-2.1786739442597236
0.07011019603324826	-2.3186296305478966
0.07030876972286054	-1.910983236178495
0.0704342536603094	-1.9753165465379072
0.07066075511342611	-2.131072671514942
0.0708208281565301	-2.161249766259939
0.07090639818278693	-2.0471976184346423
0.07119191307536502	-2.004812253068439
0.07129045532485673	-2.1810108401556962
0.0715876278175616	-2.0247711737384355
0.07228258608747658	-1.8426924629125772
0.07348238537888485	-1.9985976645711396
0.07420661441600128	-1.667418205093787
0.07429967808041045	-1.9260427747393407
0.0744961782757592	-1.6283197668810585
0.07459308573405479	-1.7845112301937973
0.07469513816711043	-1.7959512820188954
0.07469902085366562	-1.6304089492372047
0.07475384070385004	-1.8695350743484498
0.07478127942884036	-1.7955374413198597
0.07490416179506393	-1.5562937518717221
0.0759850375462828	-1.6782671855017668
0.07652749671720419	-1.5622501200952295
0.07662453979424665	-1.6546522493060953
0.07675598879401399	-1.5735643940075772
0.07697468369786997	-1.428519511966157
0.0770271306736777	-1.4618615344887835
0.07749582014911435	-1.5425819290989353
0.07780769836475589	-1.2486325445549278
0.07797708271016349	-1.4302302249923209
0.07798679913773164	-1.4610220597211456
0.07813130454652285	-1.3906076155821192
0.07827285573051108	-1.370314590910428
0.0787392757878555	-1.2816406801185087
0.07875158891123847	-1.288207618735397
0.07892934079662473	-1.1091591162447834
0.07983123817771157	-1.0512610806041562
0.08026183355620356	-1.0308464979509664
0.0806098097989909	-1.0404949888144954
0.0825381603344093	-0.8290764962890459
0.08298129542496696	-0.6838317496746753
0.08349960482365731	-0.6387217175999182
0.08371642566161806	-0.5836925616744664
0.0839009959844121	-0.6180314535555673
0.08408562002967046	-0.5758078713162953
0.08495619091537236	-0.4383316229685676
0.08507689922440491	-0.43296831153022536
0.08563110557906407	-0.38191616771714465
0.08587518870981445	-0.3487333596881654
0.08647159218666506	-0.286530482982031
0.08657310210826039	-0.2635964532682456
0.08661344425900892	-0.2607665314321476
0.08691551202455448	-0.22833494584707512
0.0876058293036693	-0.1252044610128561
0.0878953852789399	-0.08847769771606698
0.08798564226195252	-0.08856135360377727
0.08817452628872384	-0.06572277450980438
0.08823260812933864	-0.0570165486573713
0.08876688112157133	0.0024140386656045466
0.08927642363919673	0.05634073458124061
0.08938641707896786	0.06799556331334569
0.08947500412945956	0.07751021444656471
0.08987187611849555	0.113951085298466
0.09012684439235732	0.16052662811662877
0.09056478944022014	0.207308589485661
0.0908660646560563	0.21119616347317635
0.09088890689840948	0.21745424843668737
0.09097601472335078	0.21404445387047527
0.09281785573877363	0.3962925624727437
0.09374473171199542	0.43325954063325306
0.09529144735300318	0.540217706214445
0.09535875337788817	0.5528732777955423
0.0959942805637772	0.5592638968441155
0.0960364624391548	0.6568796803390221
0.09731327216216652	0.7130085245130063
0.09765645734231324	0.6387227242427311
0.09811111313871018	0.7360052213488606
0.09897374104081325	0.6965572314293091
0.09945849250581597	0.6710358382397544
0.09959327140505247	0.6948281725817378
0.09986863419616192	0.7058939076300248
0.10034269426120901	0.7901987387598806
0.10046839206659584	0.7362946842278766
0.10054729538578236	0.7799916898285693
0.1020333261320263	0.7672763387646088
0.10280207753942872	0.7067111850504777
0.10302934973972795	0.7355624079497993
0.10304520659903245	0.7694487506700908
0.10307674033595543	0.6685282818420223
0.10364966747948808	0.7022093927114325
0.10396946089616681	0.7147324256139187
0.10414403798516178	0.6848509858031316
0.10422876599304581	0.6484956564658891
0.10493523724211001	0.6181877119777979
0.10535393535602712	0.6818704665608429
0.10550350356135227	0.6694650922040886
0.10562897378968096	0.6343531954264569
0.10611709452446043	0.6421014428339551
0.10704014933362134	0.5374265680140278
0.10753369808198383	0.528726613288495
0.10790336758070022	0.46135344547587565
0.10810010531537033	0.4822582204258288
0.1081527033132738	0.4768684571366575
0.1083626374591963	0.44836076060913344
0.108434165777892	0.47560768607570636
0.10921735970992834	0.35639883588009097
0.10998874114294746	0.30303471747580935
0.11033772729403996	0.26559925919064276
0.11072599957428948	0.25110240493198244
0.11076862490225446	0.2510819054469711
0.11154694903905975	0.15935809377715798
0.11246235683826611	0.0633026963132697
0.11263662202285811	0.04628198253687023
0.11286013355072977	0.01787046660174324
0.11335030975973585	-0.03480804822803096
0.11392391272487477	-0.09606476597065787
0.11400337075102217	-0.10408938609900133
0.11419130161423825	-0.14094559145513633
0.11524799166261776	-0.2593974120065175
0.11534962356375762	-0.24260898016419166
0.11578431627747622	-0.3046362844845524
0.11609769621786445	-0.3404630782678013
0.11648758868758209	-0.3789221148513101
0.11705030732879959	-0.4535452639289419
0.11711053938830816	-0.48914270542146626
0.11725753424621334	-0.5395488854855963
0.11770143705805669	-0.5882125959717447
0.118241942485488	-0.6697920755009389
0.11919102603573403	-0.8075633239161667
0.12010281841632314	-0.7996938060103839
0.12020573683482032	-0.91928644021674
0.12046432382997543	-0.9018516263856305
0.12136940080517516	-0.9751883381530034
0.1214924570356157	-1.069201124419373
0.1227602189550446	-1.3430419359453247
0.12383947303962083	-1.2863840143267202
0.12422138632143867	-1.4098753952910474
0.12625398563441972	-1.7521398011500549
0.12899698074506347	-1.8309753941771323
0.12942205983893362	-1.985942870185729
0.12990838856976852	-2.0083384426732325
0.1304930765652579	-2.2386600142848203
0.13071326977529218	-2.159751314945914
0.1307974562042523	-2.118180980504339
0.13145497338303944	-2.1184358279438844
0.1320788403901168	-2.370131368330684
0.1322219576063399	-2.1957719611342594
0.13369353099455442	-2.2935593709091093
0.13437386096575668	-2.295463560703696
0.1346842680808974	-2.44573369737574
0.13473846230596945	-2.4068901938041325
0.13576886327572305	-2.250662184640022
0.13598616986139458	-2.2841414416764705
0.13701286820026026	-2.3419783817037767
0.137760626825379	-2.576590896758413
0.13779140464788772	-2.6602285346486787
0.1380091149419565	-2.5549268861412324
0.13866472064232	-2.5002191765386845
0.138763666542738	-2.6741696798178567
0.1390858241130498	-2.5781315832289438
0.139918311825219	-2.4312464914143272
0.14044395206112964	-2.5487689376835743
0.14054248772402958	-2.346930798840064
0.14171704335818247	-2.5716862429092333
0.14239931572892356	-2.2082409391816546
0.14279351953000177	-2.277830766134574
0.14285323527484556	-2.1506618444540817
0.14310133042220516	-2.223702898816852
0.143716277610898	-2.32270287395083
0.14440156638592455	-2.1500678099198804
0.14505996214703554	-1.999454915781646
0.14522073464217403	-2.010594237780381
0.14590911062568135	-2.180498381345156
0.14646912407364096	-2.0925224525056763
0.15052556033714543	-1.5753588911708516
0.15084070000743327	-1.787450018281185
0.15210677646084106	-1.570535454428944
0.15218211036412607	-1.5739053677445798
0.15362606280258223	-1.1534250895954996
0.15468409071510628	-1.1791201274731025
0.15522907023515994	-1.0198477150451328
0.15616254080544098	-0.884756501689399
0.15845836104519045	-0.49695224787595776
0.1586095759728372	-0.43553793176360733
0.15976201729814374	-0.29048708594136813
0.15979761998429742	-0.2727396365848188
0.15982674378842096	-0.25136110589780475
0.1603829371851558	-0.1620090022876339
0.16178141624312828	0.06828117810018808
0.16460979149040264	0.5518782343871064
0.16463452291418615	0.4947396949297386
0.16557425926720373	0.7178181589419219
0.16569947382673011	0.6589626844082292
0.1661216471730152	0.7933938586767658
0.1665736118885973	0.8851808725027572
0.16667873363219216	0.8351611168967935
0.1669295558035397	0.8776662487512205
0.1674411725466973	0.9659168567145362
0.16772928585556204	1.0457662330366366
0.16854117649413122	1.1684329987075426
0.16929736697877054	1.2465887360239445
0.17037271122315675	1.2834446219200102
0.17129047562040853	1.4722321213151879
0.17141008799086574	1.3334786493180382
0.17155731062054086	1.4637910711813744
0.17234612839556554	1.4407289204603722
0.1726755029147737	1.6086190537354246
0.17343363720953858	1.6540652430046698
0.17364012370937418	1.5668754910725604
0.1738910258676316	1.6674972298622643
0.17570703082621253	1.7484936044504742
0.17669822752343375	2.0204485753812547
0.17673778929104603	2.018644837347843
0.17691657396498237	2.0403700841217653
0.1785804462949842	1.9391912767502484
0.1787564843644033	2.062490849468648
0.18192103508245347	2.089453106732222
0.18358110756867624	1.789886629214441
0.18402883846342324	1.998933253444559
0.18549182242889342	1.888759031390884
0.18581368257337919	1.6809670781488562
0.18606521557459496	1.9215496778121426
0.1866483463262717	1.8106980091599314
0.1876872112508259	1.6602524982435172
0.19002490578678483	1.432769745172666
0.1903559125416388	1.4020057436420377
0.19133528627782037	1.402862729777647
0.19174666130589718	1.2630865238033697
0.19180970968135122	1.1377700260995727
0.19451024197995445	0.8142514033520976
0.19599668745148033	0.6276309981080292
0.1977782978374531	0.36121858684072067
0.19921156158446301	0.13173752260672603
0.19931767664269345	0.10890958700686101
0.20035513615678377	-0.05559975623773119
0.20145526902468455	-0.21902497966299084
0.20266061482835165	-0.4645531881201383
0.20462080399934846	-0.7144977932523837
0.20678296592884413	-1.0545712327655348
0.20695484030637418	-1.0513928661098204
0.20731164939933827	-1.1089726286694743
0.2099945729449126	-1.5429453429606264
0.21163093969151064	-1.7303315561235313
0.2119399377090447	-1.6949913033157842
0.21242592508271713	-1.9329193859167857
0.21250243643011002	-1.7301960847608742
0.21287771760227675	-1.802305533982682
0.2134244707919116	-1.9850798208536038
0.2143228406790382	-2.123968723103841
0.2164067264677016	-2.404071088514023
0.2166550261984038	-2.203619154224117
0.2166883890907652	-2.4953763440934296
0.21675534069233926	-2.480820548735559
0.2172379602408639	-2.4102222963892035
0.21837949160140735	-2.541106291970965
0.2189133400535723	-2.376001845360947
0.21960837400079739	-2.344094967072847
0.22068476104390647	-2.6846229474743852
0.2249795173434302	-2.664257658652908
0.2262604586553632	-2.2357586113352084
0.22649577759755965	-2.4706904297359737
0.22663488052842493	-2.553681021585354
0.22669756537273458	-2.5596942398391764
0.2271952301561127	-2.587503927593666
0.22907860724777995	-2.390979692126437
0.23060804972716223	-2.340908671801736
0.23261878881972875	-2.000714201185208
0.2337118381854787	-1.8897177264710059
0.23406659750860126	-1.779681083861945
0.23563236276873176	-1.7016438994233964
0.23677600365808452	-1.3379660581545045
0.23828863161238492	-1.1291252145984108
0.2407673584650952	-0.876530662082922
0.24110125085262607	-0.8245923760302282
0.24154592335439665	-0.6899103975218983
0.24347485530489343	-0.42724164807997855
0.2435733882979431	-0.40508906782435344
0.2445901813076841	-0.25962477093063074
0.245572132383887	-0.12831818500927894
0.24640828783416022	-0.014248726982127072
0.24745976086903448	0.147864962564337
0.24773038622338273	0.1570396518892428
0.2481775751060018	0.2571034437219036
0.24911909960002904	0.36880966412328847
0.25026454061540454	0.5599359558253072
0.2504345075865047	0.4868430301794071
0.25243107525282227	0.8098087343909655
0.25484054437137565	0.9443453578200286
0.2550239016231049	1.0168530408462169
0.25696225095716274	1.1143889326386225
0.25790115728472507	1.2867231815624107
0.2593393395371818	1.2409023950032643
0.2595331485007853	1.4609549207515375
0.2604429922293471	1.2533362252655849
0.26061992884892904	1.4212760844914356
0.2607022789585983	1.2983499089177193
0.2632404025901713	1.5347702906753522
0.2640206915589517	1.6061811012941187
0.26630366015750384	1.4297088350822489
0.2670513189504746	1.4804611701874701
0.2670804249738275	1.4384868264807416
0.2680664184557396	1.5174195482733752
0.2680902633796447	1.4281347575085264
0.2683803439315502	1.2404547489738689
0.2696648979470549	1.3642049309358344
0.2740183676061351	1.0879553469238465
0.27403445068976295	0.9402737405385064
0.2743088634000482	1.0637268692571025
0.2754587111481718	0.881784709287203
0.27643758845639294	0.801197334138998
0.2769033716731992	0.723426376202947
0.2783401330772347	0.6114216023782131
0.2822059580016325	0.22528029853694118
0.28355647589193084	0.074244834037556
0.2852682368958869	-0.09583846110801109
0.2858156258647185	-0.15043927178274685
0.2868185493436509	-0.2325755003158423
0.28746059631296894	-0.3053291145409854
0.2936689134841997	-0.7139572083367428
0.2939316562366902	-0.7455158820837531
0.2942876764546741	-0.8327371080325044
0.29493059469040084	-0.8233432095884602
0.2949851018104669	-0.8469986918972068
0.2953745237253504	-0.8620772847277574
0.2959456788607099	-0.8253496495509645
0.29601210025884056	-0.7506838289557612
0.2970259893489914	-0.7728985825755222
0.2988337062149792	-0.7745971637117343
0.3008332239794159	-0.8585016702686585
0.30638479760718534	-0.5238852093872224
0.30670484861108716	-0.5266941384866193
0.30693140085414905	-0.4958546495098138
0.3082473948782673	-0.3702870814424084
0.30995906431807285	-0.17832253706315945
0.3100283696477019	-0.17060105246950724
0.31047972548765623	-0.10428437247620939
0.314958740366543	0.49096633634255515
0.3150884040915099	0.45686862610957085
0.3160636724246191	0.6238336608141196
0.31982030927268296	1.2923747937067969
0.3205849487878622	1.4545040536976885
0.3215424789017918	1.4056017896245887
0.3217694354532122	1.3904907572344305
0.32279661872634285	1.7819351784784234
0.32413240532362064	2.0392980769797293
0.32673325689853033	2.0746865585245806
0.33027524918092516	2.937434748644452
0.3317892060047707	3.0001688391631123
0.3328023815082957	3.205106613381811
0.3350215694323952	3.3774167956867527
0.3363408401588628	3.080933353481552
0.33657195071683904	3.617810744435068
0.3390639222181765	3.596888881876864
0.33961360646812166	3.506985663151428
0.34140569311136926	3.5956905055994217
0.34141604987760565	3.601653643640449
0.3449907953859905	3.4208120606665786
0.34851995374137495	2.793032658029195
0.3493588384058639	2.8612918084106083
0.3496732437434251	2.7932355809622678
0.35547799649068296	2.2343894001536104
0.3569170014743012	2.1242933297011644
0.3570001193109023	2.1264085880620525
0.35796423085107343	1.823853181597951
0.36034480948384623	1.570698842014573
0.3617356369916886	1.2650633673414688
0.36181234679226704	1.3092770235524225
0.3626894509326032	1.0873477844390749
0.36698988100895225	0.3116360232933969
0.36746830317153106	0.2271496768811396
0.36871842265397414	0.002187471203112435
0.3689302839889659	-0.031426640965314785
0.37399619129306094	-0.752013931320837
0.37506029951031344	-0.8721274218705434
0.3752071316184983	-0.8758532961035387
0.37989530583194914	-1.5338781711635752
0.3812154746085199	-1.3678907411839067
0.38307483488601896	-1.6941050711280186
0.3876557566136885	-1.7531812304486558
0.38797066700729904	-1.807408734147557
0.3888159903839927	-1.5031449245260053
0.3903100959221712	-1.641831889570885
0.3925617624976216	-1.4420770131132619
0.3926411602663798	-1.6935067566273891
0.3934267289979727	-1.4523647447931687
0.3936244195048245	-1.4328364408325127
0.3938246115205186	-1.4331232463260677
0.39477534416127824	-1.3130474662075027
0.39820318025444745	-1.2261236880580184
0.40622256885309965	-0.41762981436655583
0.4080424959267137	-0.2995752889313046
0.40967915698496193	-0.1413170437723354
0.40996031686480694	-0.10396706808659621
0.4125296698855282	0.06951075800778549
0.4132936555722302	0.13297367095707152
0.4137733732890581	0.14743180434990769
0.4142779532404353	0.1944941289296186
0.4149340264641756	0.2090485842589519
0.41594022509346185	0.25161644331044036
0.4174143999306853	0.31113646922826893
0.42056038146703895	0.35369582181686476
0.42114139510489257	0.36462564951536824
0.42146170546296435	0.37920904219592366
0.42203343027704987	0.36284898479834654
0.42339750852911634	0.3760435841512537
0.4246663926465771	0.35145965998176926
0.42501938022013086	0.2837088763282252
0.4277293003364304	0.16769059517167625
0.4286567455398733	0.1356096513244937
0.43207861609846143	-0.13606275990554517
0.4377028802709605	-0.750928987392907
0.43862385004267973	-0.8684200380635663
0.44130026722228516	-1.0944221225772257
0.4426430532459049	-1.3662744401304514
0.4427799953167095	-1.2600305328254795
0.44290216740851235	-1.3607568779190433
0.44721549062098515	-1.837950064207592
0.4480864627545454	-1.9272330614066304
0.45251780425886146	-2.1104870860207043
0.4560971190583157	-2.2470846110970046
0.46173115932443576	-2.332715215607862
0.4622976634852379	-2.7378174458927353
0.4636777325371731	-2.741363797937325
0.4642137841219818	-2.4523406652073114
0.4668457139099899	-2.24806715074159
0.46703269872001574	-2.1137212097494587
0.4690861011090298	-2.3714688573524816
0.471319640107622	-1.8593768896896563
0.4756712500056298	-1.4017562808986976
0.4758771160764375	-1.547257672361618
0.4803896342705934	-0.6923722624129194
0.4830030289544912	-0.3920410945747766
0.4862006675172768	0.12319333289829892
0.4940939542986651	1.19309908610379
0.49908144899972884	1.4373302431273887
0.5027987332077087	1.8248886621147422
0.5059792322237847	1.7588214164870115
0.5063615167861081	1.5217620989587632
0.5093420979265757	1.7186748899651167
0.5112121017040404	1.4791882964615684
0.5119045605512474	1.441795566818627
0.5138341880054408	1.3358363226783578
0.514258910380445	1.2820088998981416
0.5174538110848204	1.000144783580275
0.5182413526903774	0.8578010750710283
0.5209986881066936	0.6046924402288693
0.5352905391057847	-0.8743051496122075
0.5352991064940416	-0.9491503229528918
0.5369569557998711	-1.0257864987483307
0.5374098352520809	-1.0546222258842943
0.540407963059993	-1.3379553970683766
0.5493275007256404	-1.384660412109975
0.5499966650461565	-1.205796473543364
0.5561788799280288	-0.8480161213353716
0.5567423464343	-0.7303980158492537
0.5583866075985779	-0.6270183310186977
0.563122469446982	-0.18642898795403043
0.5646951751917492	-0.026628792766227358
0.5659558961702889	0.10051857383630794
0.5664164682428273	0.14553633181215783
0.569303101710659	0.464019152091911
0.5713089772425242	0.5926037437460436
0.5837419095471147	1.3231833117459844
0.5854704172460159	1.2761372483262203
0.5859701122393717	1.2571177251010792
0.5982565971008618	0.4850137488544935
0.6011336844246783	0.2339758428557788
0.6019326532748136	0.170472622366916
0.6055885458267933	-0.18031562179543772
0.6084959767412835	-0.42810353824676267
0.6085741075571574	-0.40382711196001475
0.6091595312217087	-0.5063424607724588
0.6104963619944541	-0.5736245807372448
0.6135316601097991	-0.7519965335978864
0.6190017249755438	-0.9765665767716817
0.6196165269830815	-0.9485420613557863
0.6220017222539039	-1.0497322548954116
0.6259099482281976	-0.9597185000810945
0.6267979720244875	-0.8716275440455616
0.6327087008674288	-0.5164431586648572
0.6390252152465145	0.15495999901843382
0.646268747174341	1.0388497977099669
0.6477491054505651	1.2819235210838216
0.6496633010208452	1.5490089411633423
0.6541190918624916	1.6707987381572065
0.6548369914255467	1.8389662136287945
0.6575096082924262	2.108449564761632
0.664909828455429	2.3908801645017346
0.6660525524922166	2.23694320665987
0.670980994866407	1.9524756457736772
0.672122311844425	2.2322921642329847
0.672331142364195	2.2545947709038208
0.6724044368953129	2.0787468433622283
0.6739169560955487	1.8908813089265801
0.6769555041243595	1.8258619598920258
0.6863826958396865	0.7102471932624561
0.6866352832737591	0.6073847435582086
0.6883191870485251	0.4269098258564424
0.6923635835346922	0.029436103695616198
0.6948989538583982	-0.1998882265136671
0.6989065693365162	-0.56190648391412
0.6998293766270867	-0.6629029552891066
0.7008856486655056	-0.6484996401342791
0.7025876594650969	-0.7577611060246225
0.7047773169713876	-0.8144463216061297
0.7061293174532924	-0.8396423798272671
0.711513138134096	-0.860429701584372
0.7142349121656654	-0.8957112634672116
0.7165048998993723	-0.7924046669857968
0.7187760125063317	-0.6546484689874459
0.7191783977562416	-0.6009227505119518
0.7192319830926325	-0.631447347871672
0.7241321306581809	-0.3026568018883618
0.7260443016438656	-0.21797944005023062
0.7273685777406733	-0.13982297554749903
0.7280832748044845	-0.09776680816277561
0.7295299752343865	-0.018133792254520872
0.73139172670262	0.07932297661439959
0.7314124533754484	0.0844516654652915
0.7322553682127051	0.13180998259047785
0.7324206253324956	0.12546224345816812
0.7353590010639879	0.2513386928056086
0.7453997496545771	0.3233197575723178
0.7457790523813222	0.3196111636369248
0.7520401116727863	0.017270676501767595
0.7579026792824364	-0.43171903433987396
0.7619982486523155	-0.8151259505159735
0.7682780872941236	-1.2652156842509479
0.7688810904345019	-1.464423023184177
0.7729716441916723	-1.614779773793267
0.7770010723508575	-1.8105781097996465
0.7796841875428826	-1.999859728265237
0.7871228785125408	-2.0989999228916285
0.7939456721563248	-1.6165284637071078
0.8082661100378542	-0.2290079041620541
0.8084694994203965	-0.20760441246492115
0.8111986571169163	0.07684502500041643
0.8145990594220001	0.4120350184023053
0.8166896220217159	0.5023239437476307
0.8182185727449974	0.7141189362337379
0.8200280230273488	0.8329158605756964
0.8231369730258139	0.8276049467804565
0.8292086149088288	0.9887405771777368
0.8301247428496292	1.0239115693954741
0.8318894930264525	0.966146096725943
0.8357592348296585	0.9584349395612347
0.8410950380205248	0.6663555706362357
0.8413712372695403	0.6456732944389457
0.8419082977611383	0.5674840557511113
0.8421593056070633	0.5490693802714302
0.8442419062909472	0.429042237540679
0.844451990246221	0.38038239548627795
0.847577599918386	0.20809134727905343
0.86547520169209	-0.49355270084984054
0.8670712365302583	-0.5637146906004048
0.8703456791115827	-0.4851983489042828
0.8713061655767204	-0.506385361226602
0.873241478073726	-0.43268738273403934
0.8774953262889172	-0.21884181168844313
0.8809252946620735	-0.033841508810165975
0.8837480302766842	0.1323357779213326
0.8863736153220027	0.3284154725117237
0.8915672456924115	0.6309748036263433
0.8954753836325767	0.8273970621118396
0.8978569936333205	0.8016247214853431
0.904843149805413	1.055842430311275
0.9056173239247872	1.0699017880524082
0.9255861277594342	0.04932770903469526
0.9258206207042041	0.029118969529236403
0.9277234086742269	-0.09415958649864173
0.9307524089955761	-0.2615937189736108
0.9376489281121455	-0.6986366641099867
0.9468517112850123	-0.7675185106269702
0.9468723790794906	-0.7075089954774035
0.949302837418525	-0.789620068146305
0.962053650305415	-0.11808410145033492
0.9631313356341037	-0.040234989325239265
0.9666300553843006	0.20226085253500975
0.9669247386060179	0.23932047339654322
0.9773475188620262	0.8254866562819669
0.9795708984537074	1.015760062105778
0.9837046528296294	1.0943005355272521
0.9969639686750489	0.9551074757988534
1.000016589444813	0.7413381420588181
1.0100034635030575	0.22676319869606004
1.0178171623796433	-0.1488356703772001
1.018165264222812	-0.15745423035745654
1.0183066757847479	-0.16058031991722066
1.0192595086394727	-0.197852278338704
1.0205932140005198	-0.25457788506994383
1.0265540370201929	-0.41815468555366786
1.0382695354321207	-0.2663433942962833
1.0432851113294377	-0.12671082309844223
1.0447067821966431	-0.08818462603743475
1.0592553936597044	0.34733954059374167
1.0623100731626052	0.31486711710629156
1.0654052587569958	0.35135217702052846
1.067023997860963	0.3104974786665434
1.0708703918459614	0.22221986780463443
1.0728899365635223	0.1749610269883582
1.0760157214919581	0.0464961417981869
1.076486246334293	0.024939112109310053
1.0962711040781166	-0.961500361982534
1.109291040563757	-1.2517447623370312
1.1192475096424361	-0.8840482576839352
1.1202528274710095	-0.7756088946395682
1.1235422348570208	-0.5915561063345284
1.1249025421838863	-0.5651755114188908
1.1312506803421245	-0.20348353776185327
1.1379117182678657	0.11036582306532623
1.1398700494748333	0.18368266511306966
1.1436006659969904	0.31473229152128857
1.146334392215636	0.3793524368422042
1.1466091343206801	0.3852140479807018
1.1483778426196978	0.4368847962204204
1.1499360460281345	0.4616884570230264
1.1508950190844478	0.4470915158225409
1.1540837791140401	0.3917820214766665
1.155949924042455	0.4214480421143909
1.1582449644714292	0.3915431596620844
1.1623683553533313	0.28416667909373733
1.1627068256048279	0.289612760435163
1.1633661318219755	0.2647358964614076
1.1786161684688872	-0.14234832216251217
1.1831296713364878	-0.18484119076989308
1.1872356613194792	-0.20858724347450866
1.18741854571234	-0.1836350236514976
1.1904083065830293	-0.18758992616717093
1.1920157738651471	-0.16005037484714968
1.1947080130411072	-0.11706005274088457
1.1955228850106157	-0.09349485255443743
1.2072392928945666	0.26836232631648127
1.2151371839633678	0.49275468892638913
1.21899854432964	0.6417628851790188
1.2345219331361774	0.5200218713252326
1.2646498332190825	-0.40737829033195033
1.26578095284429	-0.4004266652502331
1.2688190007607436	-0.4184787895771218
1.2728791639363681	-0.36028151033216166
1.2738120806972588	-0.3464389114647583
1.277648324673346	-0.3437553748992829
1.2845249106790206	-0.12827797864924265
1.2866859934478074	-0.08115286966990774
1.3029347479263982	0.3290433287819676
1.313802539493658	0.36392130189498123
1.3182226910047583	0.31534283233039356
1.3210330896842424	0.2842790341585069
1.3236244748915404	0.25229312885269717
1.3269795000062754	0.14200900307956757
1.3322065136546624	0.026631913042387576
1.3373213889118172	-0.08380985103047771
1.343930003143219	-0.1715272216392362
1.3441472900846945	-0.184907079210112
1.3446363141100954	-0.1958808131324131
1.3449743161313557	-0.20909584822033575
1.3487694491555586	-0.20000036354393513
1.3516217011854508	-0.2272506201518007
1.3688354419085254	0.03139667827819564
1.374826022397106	0.14387084848209833
1.3873031105478306	0.24975990452739974
1.3902519469003074	0.20247894396872557
1.3952455393814605	0.14210766560784013
1.3992275302606052	0.07711785678561686
1.4035584593851942	-0.02341170757608368
1.4037382549691322	-0.0266565258254134
1.4077456784023141	-0.1185324763067369
1.4130568073437446	-0.2821982537250445
1.4311689484310148	-0.5188366323090773
1.4374455330549512	-0.4475687100580615
1.4468779831583987	-0.2558252499873463
1.460901213985233	0.014711920991134608
1.4703095350060362	0.12501161954012255
1.4720945276077932	0.1281741652940092
1.4867060377434889	0.05518789138037723
1.4932353031648657	-0.01921926851793769
1.499095659419789	-0.07722014783776375
1.5005028748837197	-0.07914732454265673
1.5085491147032157	-0.08811308274539975
1.5130688651618593	-0.06761521621844041
1.5276562273636607	0.12238529653048184
1.532377234549718	0.1994175068278153
1.5512539395050267	0.33184322612382133
1.5591242475483202	0.2630687371968449
1.563703765826535	0.18231709943663127
1.5783950247675504	-0.033166580279517625
1.582224237465779	-0.0737382495552721
1.5862613773725152	-0.1085225966593997
1.587201083758363	-0.1352763417477522
1.591583573708875	-0.13040509605858888
1.5933142983248032	-0.13313871206335007
1.6059596688446631	-0.06932848119286404
1.6146605101878364	0.014289424279938717
1.6164341911729314	0.02981831197888955
1.6201702532740783	0.06794658823898424
1.620603276730599	0.06456909148812993
1.6292747733797643	0.11155675371482354
1.6354604459989546	0.10658062412697081
1.6454377066778458	0.04107056758101932
1.650089759968987	-0.0015806001332295508
1.6509190350295673	-0.009807188510777528
1.6574710208371142	-0.06593307562136327
1.6601711000420398	-0.07604973138712874
1.6969358720083927	0.06086772001790294
1.6971411588786312	0.05495152424784225
1.7052655877427254	0.09376822426639532
1.7081327266675395	0.09938658120424436
1.7097956440247586	0.10409925887657924
1.7132578889666237	0.10687678059490142
1.7247121199130624	0.031402522979181495
1.7462273674017847	-0.14304904801076826
1.7554973144707868	-0.1584601884564328
1.771331313324902	-0.07516462725085214
1.7810619702461443	-0.007917762226030417
1.7850019565352486	0.010963477709223247
1.7939305049704648	0.034801639746682336
1.8045381872825155	0.015141032563318446
1.8069815890183416	0.008245849384413825
1.8206517769649126	-0.04346848290812339
1.837048059897426	-0.030741411841733714
1.8914321390410753	0.0517630754691672
1.896849624243459	0.022772712291882328
1.9055543124175802	-0.016222092247052677
1.907297819074379	-0.019746874681410797
1.9195140220763587	-0.030019611514886843
1.922770165395615	-0.0282134246271613
1.9296836152367467	-0.014443387346411434
1.9667293974631548	0.0016046218350911604
1.9672631681302912	0.00015554234812703335
1.972467480732929	-0.014383929872774842
1.9728600231654008	-0.016458841207996195
1.9876012794962072	-0.049959550487510905
1.9884145936684399	-0.047296946570012204
1.9913422980122497	-0.05455270651955795
1.9946373827972694	-0.052276809353908785
2.002823775064151	-0.03674748257620139
2.002954931971322	-0.03839850980156114
2.0083914168764263	-0.018720767841165133
2.010881988452344	-0.013152480624584401
2.013073620865713	-0.0059602615652072
2.014551539591712	-0.0014656194517803172
2.0209142771325017	0.0151440551788252
2.037423005346255	0.02948789120859757
2.1034762103473663	0.0022496194879012893
2.1089692222191316	0.007728184351051782
2.1125090525908248	0.01116544388548452
2.123722093154938	0.006119947428945992
2.124850211676736	0.0055306598791711225
2.1249578605558566	0.005077455828793522
2.130892870671031	-0.0016935406043721095
2.14558066925108	-0.015856575450560177
2.1462859098715685	-0.018056704049680468
2.1510821789481276	-0.017368137699164534
2.1701610848193735	0.0027095654665621055
2.1714302191184824	0.004480351781917214
2.172237293927179	0.006221479634638521
2.176412844881464	0.013738186400716104
2.2133159210003006	0.015207770793324492
2.2154719630105055	0.013547950708032103
2.225300704582101	0.0016924377072596187
2.257506146689304	0.0026483339934622193
2.26303324477566	0.005363278617296959
2.265330351258951	0.006410265274588849
2.2806287883257608	0.005207620670311723
2.28177896571253	0.004262825062876554
2.305202605326526	-0.014059124413098065
2.3085651044790483	-0.01462095236306808
2.312139849468866	-0.01670538293120258
2.358674878397554	0.006514481710157379
2.3676813398716865	0.004499195515287813
2.3788769816255706	-0.0009609994840626205
2.3864218142220714	-0.004648375254754056
2.3950769943444636	-0.005673736541461314
2.417788719436488	-0.00021159399225304047
2.4440445915541362	0.0026288682576581664
2.44517766216613	0.002628457026980086
2.4503699897831575	0.0009830742582103821
2.4524211949749226	0.00023320074420890552
2.482601139333929	-0.003812780991302877
2.490496877107447	-0.001120659344568104
2.518881701928805	0.006458308253193675
2.5205948717124698	0.005862820428078405
2.5255572034356706	0.0057769702608327185
2.5267104766737956	0.005099144187835007
2.533707374086238	0.0037708141769973048
2.5574800653366045	-0.0006180030060634774
2.566503312733113	-0.00043061988744659405
2.5840922388561522	0.0016812784874090225
2.6002487720959433	0.0014873322358895584
2.6051460271056097	0.0009114695408038613
2.6139161973131717	-0.0005786076131049681
2.615555456399724	-0.000899791897044924
2.644012160653197	-0.003587715866496146
2.6490497538653983	-0.0026693287928533645
2.654733778774774	-0.0019604716625092732
2.6892103650323644	0.0006836650221130548
2.690226679946364	0.0006125835253638255
2.7043332193956338	-0.0005362847119376919
2.74482832452703	0.0006662500514048894
2.798910162628837	-0.0008173268563549649
2.814708312126586	-0.00021895356535465586
2.8216948923642136	0.00020485258527075693
2.829640546933732	0.0006134150349831133
2.846173002364515	0.0007927695688149234
2.857820748511835	0.0004523531772976692
2.862605980847823	0.00023939656563275625
2.866199389667889	0.00011733499627440694
2.875776032902178	-0.00009892287817822273
2.88089457507037	-0.0001393557218552266
2.8885640160457338	-0.000047294211625286886
2.8929516123041408	0.00004207686716348162
2.8994022450243984	0.00022181195294119658
2.9206636240920103	0.0004286818853112737
2.9576154636874574	-0.0006061966631010728
2.9733879827013836	-0.0004290239469925364
3.0059432479000905	0.00007283176346432456
3.0133072723468124	0.00002427567723118485
3.0210033853650486	-0.00006053029820320712
3.04450864444382	-0.00012243589359528832
3.0445450579574094	-0.00012877838387006545
3.0502117373546414	-0.00006408752163934012
3.050984412403811	-0.000058355428109185464
3.0558878441630273	6.6289470613165605e-6
3.0690683242681183	0.00018606796622216263
3.0745677138654	0.00021394968952364956
3.095516494269944	0.00010935523781876029
3.1017787430572104	0.00003197635446296237
3.1054705073090325	-7.502828628726106e-6
3.1234957229369424	-0.00010164179747048335
3.1257158407042147	-0.00010426392101446927
3.2095198290074975	-0.000023664287935809736
3.217693168284836	0.00001067934299929264
3.217973906932485	0.000011584990555562269
3.259743245596947	9.349932263640036e-7
3.2615552395845313	-7.985196113907326e-6
3.2634265583172755	-0.000017441117829011357
3.2640444910952837	-0.000019432519793169478
3.276755061652115	-0.00006715492400038166
3.2849926092571873	-0.00007694820019036093
3.2943005569096675	-0.00006041447613258549
3.2950697603066113	-0.00005471034325909288
3.3024395117119982	-0.00003736734784884442
3.3108820177026668	-0.00001245315168461039
3.3134616378874346	-8.4163411483391e-6
3.3306158604808282	1.3039723744017474e-6
3.3533060741099505	-0.000026513442501427226
3.3586240170588137	-0.00002791174945445788
3.3779052387569646	-2.1525456538258966e-7
3.3803949592856464	4.762363990253771e-6
3.405072675952278	0.000030970866826229126
3.4068197492912495	0.00003115986442193237
3.407713677459476	0.000032030539776856516
3.4712035115786213	6.59786705202445e-6
3.5076915051047712	-2.7963148100567084e-6
3.538544736699024	-1.7560961313476486e-6
3.550807708676622	5.139717096093703e-6
3.5719159704444516	5.529539074656725e-6
3.5769214145308603	3.4367439046875312e-6
3.5923466490204405	-3.5691513554500577e-6
3.6026695005141063	-6.470430761731087e-6
3.6122332857420623	-5.595113389506673e-6
3.6157982523380583	-5.213775088549218e-6
3.6336701343833226	-9.098199095264022e-7
3.653717165034816	-1.9392353329481764e-7
3.657711480997398	-7.805643658066713e-7
3.6743316828528747	-3.204142206761986e-6
3.67469789988701	-3.412973654320725e-6
3.675468636460781	-2.9408143920024483e-6
3.689832980941312	-2.690443622705675e-6
3.6923573347284067	-1.9153042240705936e-6
3.7181093029594194	2.9693887744210157e-6
3.7338753028428813	3.062489135145724e-6
3.7363868292253977	2.4987396803161316e-6
3.7554723844227578	2.4506533819123244e-7
3.785152273186903	3.6439544287758796e-7
3.7968558092763693	8.953973486510635e-7
3.844236966883027	-8.713038376171496e-7
3.8557996422772676	-6.879748711327899e-7
3.8812135851251375	5.443467196928104e-7
3.886000970687314	5.500640033536986e-7
3.89715426690216	3.487154380315451e-7
3.913649739474034	-2.4631780200442624e-7
3.91462460406803	-2.4651673826236786e-7
3.9153351593361423	-2.644958173513638e-7
3.9210269855611415	-3.891114835678163e-7
3.9295229906378846	-4.443582968699311e-7
3.9435204709756038	-2.3769980221777552e-7
3.975857939326595	1.9313560044302816e-8
3.9914729683683507	-2.0685100356932408e-7
3.9974103623074098	-2.8290473255206943e-7
4.000822478237546	-3.387018250771258e-7
4.017444867138694	-1.7550538739991677e-7
4.068622951787591	1.1718449461019035e-7
4.071099937696627	9.869640908871085e-8
4.0767190100714075	4.5501203284696985e-8
4.082395351299448	8.57799996804577e-9
4.084107982048475	2.909759282924578e-9
4.155223553062724	-5.4797992812850174e-8
4.16501061218769	-8.147001555874232e-8
4.243545414368927	-2.5445851702582427e-8
4.260201513775502	-1.7767088262944158e-8
4.296142808090076	9.61981230539708e-9
4.312256478688108	-1.2225669694187439e-8
4.324289734619148	-2.0185523477169267e-8
4.330279870908314	-1.9410675947118516e-8
4.330402813130527	-1.9330859754972544e-8
4.339421052920915	-1.223195923211582e-8
4.36234117860747	1.1891945183976194e-8
4.382435799545631	1.046276025250991e-8
4.39563842436154	4.070989218998197e-9
4.430088346809538	5.201718180929634e-9
4.449841679873275	7.208370148056366e-9
4.476797916131702	-2.8039017299108807e-9
4.482891101051747	-5.1230698066920646e-9
4.482892577603341	-4.36188800361531e-9
4.584260817727712	-6.4604240892108e-10
4.6126436165499785	1.207267303849218e-9
4.61545523914149	1.1737438727464973e-9
4.624425683596539	4.878307732818493e-10
4.625320901745626	4.1534375710089727e-10
4.683957440872063	4.2655802546298934e-10
4.696390460645859	5.718245846973293e-10
4.774385664948493	3.5708750784142305e-10
4.782268153770545	2.3815170520463734e-10
4.791490482912595	4.533480271345375e-11
4.79648387062138	-6.230921769908235e-11
4.801433807229147	-1.5536204022504874e-10
4.808399456582816	-2.2279863200683464e-10
4.825405285838754	-1.9329716215788947e-10
4.851027025172598	7.2000537152274e-12
4.910128543666543	-1.4267082278505069e-11
4.942117370248803	6.169181123866053e-11
4.946737898461512	4.249037634575424e-11
4.993779691122864	-1.8136281046057319e-12
5.005883113099124	1.9533138282240773e-11
5.03114997930317	9.0417878452576e-12
5.0335859562158385	4.748946425483455e-12
5.090309503974704	1.7171118868177412e-11
5.24500914877809	1.7797896921031164e-12
5.25996730010851	2.6543319174272657e-12
5.265801720025101	2.2948651955878747e-12
5.270271131214185	1.6449806285235092e-12
5.288808968117014	-4.102367028587466e-13
5.297223124962853	-7.020000773261116e-13
5.317818380857649	3.377361446704345e-13
5.321540194050018	5.994052436678348e-13
5.323953076127308	7.447379301723855e-13
5.3312224238276995	9.146382494577363e-13
5.3497227366422315	3.6524847041925705e-13
5.405316672483632	3.788311711708918e-13
5.413615963779578	5.019763356448875e-13
5.4771253144374175	-9.953885877993962e-14
5.537735166055558	-1.768244673554686e-13
5.539869280490845	-1.4614615243221946e-13
5.549490341189626	-9.469258517602817e-14
5.594697184996704	4.439359553244719e-14
5.596390965247741	3.895200959073964e-14
5.599242373227767	3.008306511657976e-14
5.604163326629923	1.638669543467534e-14
5.622925577126214	-5.4669054516214e-15
5.624143003103245	-4.9258274426372e-15
5.631534940519138	5.769057456252154e-15
5.6318341529489775	6.6667409180143935e-15
5.661794505200184	3.0691727183716186e-14
5.692641321027747	-1.84795145770265e-14
5.712081902390058	-9.668192949312266e-15
5.76313121698238	-6.556685841638983e-16
5.796597195706914	-1.869856626041687e-15
5.819373720702859	1.7227953346488995e-15
5.831567783930165	-3.8294499137390003e-16
5.839986871286014	-2.408736711045616e-15
5.8498003936937035	-4.431103700773746e-15
5.865242932637991	-3.70476347862412e-15
5.867151812325005	-3.5417769806106398e-15
5.884149349251108	-1.1923957481752074e-16
5.9394351512090315	-8.223063789406534e-17
5.9646957314670725	7.485189755384655e-16
5.969094645298996	8.848653015471371e-16
5.969866615468944	9.445043585264142e-16
5.988630950612858	6.789982167785592e-16
6.071182882818641	1.0577361852085263e-16
6.083686761579845	-4.2652495560838424e-17
6.162747383253783	-3.7116863597206656e-17
6.184369718346526	-7.340266501208825e-17
6.210935336364548	7.331740294762767e-18
6.2257444969106075	2.8431591699609095e-17
6.228514401916321	2.7555559949016452e-17
6.3010875580779	2.1615548369449805e-17
6.348202410490099	-6.872318573721213e-18
6.360161357826142	-4.341791947981826e-18
6.3741244486399	5.133626144942929e-19
6.392164399563031	6.876405446503687e-19
6.438132229247725	-1.1578930958523257e-18
6.442252974457078	-3.6268556265806615e-19
6.466427309852965	1.4653098617220375e-18
6.508037168086405	-1.1081954752469069e-18
6.5166767743165845	-7.486492312645349e-19
6.534811136515787	2.2263045593903427e-19
6.553490572882995	3.165695338473154e-19
6.5833962692789605	-1.3873097785814529e-19
6.628770331118915	2.888805320421423e-19
6.645224673706802	8.628491499106107e-20
6.727306564758196	-4.1972437931863064e-20
6.747667844262854	-4.803914153430777e-20
6.78947159364904	2.0029145364878104e-20
6.802546738973416	8.055381801287687e-21
6.805303779976226	4.540455674066071e-21
6.818192139226754	-8.02032975765099e-21
6.869695801696031	5.141806244197006e-21
6.877294494063955	3.686862463272372e-21
6.895532046004307	-2.1078268987350373e-21
6.918492324281646	-6.340482640028096e-22
6.946263784984637	3.859717024244786e-21
7.020522479969541	1.8586969045690753e-22
7.028360572870321	2.091065764749551e-22
7.048343350937169	-5.031936143832071e-22
7.058138138167597	-7.520219016602165e-22
7.138587873115875	-3.744963797698908e-23
7.140005017396744	-5.205339924596229e-23
7.175478369103865	6.627368340584846e-23
7.179083072306075	7.2789891628126e-23
7.259338081435995	2.5833467954005632e-23
7.26320758200456	3.444510705146479e-23
7.316568530272664	-6.554373520876375e-24
7.380750177305747	-7.220252186668189e-24
7.3809463397042085	-8.214493112306313e-24
7.436269970347894	1.4933783367892191e-24
7.458391139539563	-1.6801361059305808e-25
7.470936502280745	-5.099820795175302e-25
7.481989029540774	-8.763865954562866e-27
7.4928882540152175	6.152782564676941e-25
7.520152660263462	6.464777597167191e-25
7.611436995811622	4.7104912076954565e-26
7.76493452169866	6.092978413255305e-27
7.785815587310954	-4.060247275833863e-27
7.794235070434873	-3.447979726216427e-27
7.8395477932093485	6.564213244221018e-27
7.896073493993558	-4.0736588788622556e-29
8.03606055992423	-2.885016709440602e-28
8.058672566404283	-5.85150886543771e-29
8.06431415557302	-1.0277469284398981e-29
8.085687998174473	2.1763084280340444e-29
8.097555175492717	-1.7708236960059285e-29
8.133104693949678	2.2665883065285764e-29
8.176343439046855	1.3488238430727238e-29
8.203938032479677	-6.921994062289978e-30
8.273807615120935	-4.416200023960746e-30
8.345470730791682	-7.82407658433736e-31
8.45988142283583	1.3690081270466116e-31
8.505580741091077	2.852771903945878e-32
8.55741928896498	2.1241155398842824e-32
8.626725577008685	2.3046634559413036e-33
8.64032114496899	6.805161598063663e-33
8.686332375731865	-2.7383326257475863e-33
8.770845575296178	-3.928780453542123e-34
8.837285454976133	-3.4552911350880387e-35
8.871772361766116	1.146197400966346e-34
8.943127443401465	-2.2997293078753132e-35
8.95272744618018	5.19157971015848e-36
9.393923311154149	-4.056470236934957e-39
9.423727079703145	-4.384563654260466e-40
9.482104823749008	-8.632900020512936e-40
9.484845483132455	-9.309881593407298e-40
9.513652088852018	8.954636113434573e-40
9.579884813241126	-3.6799605523094944e-40
9.604580224497603	1.3937587384005745e-41
9.654320882453847	-3.9019435739008923e-41
9.741076621605714	-3.629187550302093e-42
9.804039310542874	-3.3227501199176343e-42
9.909180737086222	-2.9541572106172725e-43
9.910946213808808	-2.5027833984635326e-43
10.013424806503934	1.0923116432605876e-43
10.05395212915587	-6.709583277587085e-45
10.182265402922145	1.2714561073550929e-45
10.233033056961613	-1.8571946605507627e-46
10.297765618647176	-1.798049633973967e-46
10.348951457048395	6.929763625178919e-47
10.35149935413683	5.640955356942951e-47
10.38325489165546	5.3634539402071794e-48
10.543514517842569	-7.727327637893146e-49
10.563535193651491	3.455260961530599e-49
10.691224581957098	-5.1495442421689474e-52
10.699109286627642	2.5647758440093713e-51
10.702653103407208	6.866138530463621e-51
10.707534079991884	1.5543248673090738e-50
10.853354311520922	-1.3533810601177296e-51
11.2581468895211	-1.6563349500018023e-55